[gd_scene format=2]

[node name="Spatial" type="Spatial"]

[node name="0" type="Spatial" parent="."]
transform = Transform( 0.897189, -0.0284313, -0.440731, 0, 0.997926, -0.0643756, 0.441647, 0.057757, 0.895328, -4.74148, -1.57212, 9.63212 )

[node name="1" type="Spatial" parent="."]
transform = Transform( 0.989851, -0.0541695, -0.131377, 0.0157245, 0.960572, -0.277588, 0.141233, 0.272705, 0.951675, -0.651027, -1.16937, 10.3017 )

[node name="2" type="Spatial" parent="."]
transform = Transform( -0.515303, 0.180497, 0.837786, 0.33058, 0.943778, 7.30019e-08, -0.790684, 0.276955, -0.546, 5.36106, -1.66191, 10.6628 )

[node name="3" type="Spatial" parent="."]
transform = Transform( -0.523347, 0.155639, 0.837786, 0.285053, 0.958512, -5.78771e-09, -0.803028, 0.238813, -0.546, 9.62327, -2.11362, 9.43117 )

[node name="4" type="Spatial" parent="."]
transform = Transform( -0.186247, 0.174894, -0.966812, 0.040181, 0.984562, 0.170364, 0.981682, -0.00711749, -0.190399, 11.5948, -2.19335, 6.05693 )

[node name="5" type="Spatial" parent="."]
transform = Transform( -0.205513, 0.226981, -0.95197, 0.0339368, 0.9738, 0.22486, 0.978067, 0.0139048, -0.207831, 14.4402, -2.66082, 0.223669 )

[node name="6" type="Spatial" parent="."]
transform = Transform( -0.192762, 0.137161, -0.971613, 0.215785, 0.971868, 0.0943871, 0.957226, -0.191465, -0.216936, 9.51869, -1.95753, -6.53865 )

[node name="7" type="Spatial" parent="."]
transform = Transform( 0.497661, 0.0588488, 0.865375, -0.0916552, 0.995678, -0.0150009, -0.862517, -0.0718506, 0.500903, 13.4844, -2.57732, -3.70356 )

[node name="8" type="Spatial" parent="."]
transform = Transform( 0.327004, 0, -0.945024, 0, 1, 0, 0.945024, 0, 0.327004, 3.14901, -1.52137, -11.0969 )

[node name="9" type="Spatial" parent="."]
transform = Transform( 0.318198, -0.0753771, -0.945025, 0.230509, 0.97307, 0, 0.919575, -0.217836, 0.327004, -3.04993, -1.96211, -10.3932 )

[node name="10" type="Spatial" parent="."]
transform = Transform( 0.916237, -0.127185, 0.379915, 0.081121, 0.987525, 0.134958, -0.392341, -0.0928344, 0.915125, -5.44238, -1.25647, -6.58862 )

[node name="11" type="Spatial" parent="."]
transform = Transform( 0.970752, -0.141806, 0.19374, 0.147432, 0.988961, -0.0148592, -0.189494, 0.0429879, 0.980942, -8.2592, -1.24931, 0.251693 )

[node name="12" type="Spatial" parent="."]
transform = Transform( 0.327731, -0.192633, 0.924926, 0.234094, 0.965022, 0.118037, -0.915312, 0.177835, 0.361362, -8.16866, -1.39192, 5.09378 )
