[gd_scene load_steps=7 format=2]

[ext_resource path="res://Models/ClothL.material" type="Material" id=1]
[ext_resource path="res://Models/Mountain.glb" type="PackedScene" id=2]
[ext_resource path="res://Scenes/Mountain/StaticBody.tscn" type="PackedScene" id=3]
[ext_resource path="res://Scenes/Trunk/TrunkL2.tscn" type="PackedScene" id=4]
[ext_resource path="res://Scenes/Trunk/TrunkL.tscn" type="PackedScene" id=5]
[ext_resource path="res://Scenes/Mountain/Mountain.gd" type="Script" id=6]

[node name="Mountain" instance=ExtResource( 2 )]
script = ExtResource( 6 )

[node name="0" type="Position3D" parent="." index="0"]
transform = Transform( 0.959901, 0.239152, 0.146275, -0.229915, 0.970133, -0.0773411, -0.160402, 0.040609, 0.986216, 15.5739, -0.313614, 0.108782 )

[node name="0" type="Position3D" parent="0" index="0"]
transform = Transform( 0.976688, 0.214667, -2.98023e-08, -0.214667, 0.976688, 1.11759e-08, -2.98023e-08, 1.86265e-09, 1, 3.51791, -0.192966, 2.2262 )

[node name="1" type="Position3D" parent="0" index="1"]
transform = Transform( 1, 0, 0, 0, 1, 0, 0, 0, 1, -0.390383, 0, -6.55365 )

[node name="2" type="Position3D" parent="0" index="2"]
transform = Transform( 1, 0, 0, 0, 1, 0, 0, 0, 1, -4.28776, 0, 6.19284 )

[node name="1" type="Position3D" parent="." index="1"]
transform = Transform( -0.146601, 0.0152445, 0.989078, -0.062452, 0.997744, -0.0246346, -0.987222, -0.0653814, -0.145318, 1.9497, 0.472935, -12.7046 )

[node name="0" type="Position3D" parent="1" index="0"]
transform = Transform( 0.970496, 0.241102, -0.00272356, -0.241113, 0.970346, -0.0170972, -0.00147948, 0.0172495, 0.999851, 3.33617, -0.902111, 2.21017 )

[node name="1" type="Position3D" parent="1" index="1"]
transform = Transform( 1, 0, 0, 0, 1, 0, 0, 0, 1, -0.390383, 0, -6.55365 )

[node name="2" type="Position3D" parent="1" index="2"]
transform = Transform( 1, 0, 0, 0, 1, 0, 0, 0, 1, -4.28776, 0, 6.19284 )

[node name="2" type="Position3D" parent="." index="2"]
transform = Transform( -0.970369, -0.116554, -0.211657, -0.120483, 0.992699, 0.00571639, 0.209445, 0.031048, -0.977327, -10.7466, 0.77301, 1.10132 )

[node name="0" type="Position3D" parent="2" index="0"]
transform = Transform( 0.985574, 0.169246, -4.47035e-08, -0.169246, 0.985574, -1.86265e-09, 0, 0, 1, 3.52097, -0.229118, 2.2262 )

[node name="1" type="Position3D" parent="2" index="1"]
transform = Transform( 1, 0, 0, 0, 1, 0, 0, 0, 1, -0.390383, 0, -6.55365 )

[node name="2" type="Position3D" parent="2" index="2"]
transform = Transform( 1, 0, 0, 0, 1, 0, 0, 0, 1, -4.28776, 0, 6.19284 )

[node name="3" type="Position3D" parent="." index="3"]
transform = Transform( 0.260197, 0.0263413, -0.965196, -0.187484, 0.98198, -0.0237425, 0.947178, 0.187137, 0.260447, 2.10467, -0.0606689, 13.8076 )

[node name="0" type="Position3D" parent="3" index="0"]
transform = Transform( 0.976016, 0.2177, -1.49012e-08, -0.2177, 0.976016, 1.11759e-08, -4.47035e-08, -5.96046e-08, 1, 3.50548, -0.245853, 2.2262 )

[node name="1" type="Position3D" parent="3" index="1"]
transform = Transform( 1, 0, 0, 0, 1, 0, 0, 0, 1, -0.390383, 0, -6.55365 )

[node name="2" type="Position3D" parent="3" index="2"]
transform = Transform( 1, 0, 0, 0, 1, 0, 0, 0, 1, -4.28776, 0, 6.19284 )

[node name="Sphere" parent="." index="4" groups=[
"0",
]]
material/0 = ExtResource( 1 )

[node name="StaticBody" parent="." index="5" instance=ExtResource( 3 )]

[node name="Trunk" parent="." index="6" instance=ExtResource( 5 )]
transform = Transform( 0.975496, 0.220016, 0, -0.220016, 0.975496, 0, 0, 0, 1, 7.00515, 4.04325, -0.834539 )

[node name="Trunk2" parent="." index="7" instance=ExtResource( 5 )]
transform = Transform( 0.951621, -0.307274, 0, 0.307274, 0.951621, 0, 0, 0, 1, -1.13714, 9.20191, -0.834539 )

[node name="Trunk3" parent="." index="8" instance=ExtResource( 4 )]
transform = Transform( 1, 0, 0, 0, 0.91453, -0.404519, 0, 0.404519, 0.91453, 1.42563, 2.98363, 6.17365 )

[node name="Trunk4" parent="." index="9" instance=ExtResource( 4 )]
transform = Transform( 0.910568, -0.0774061, 0.406046, 0, 0.98231, 0.187261, -0.413359, -0.170514, 0.89446, -1.01108, 2.98363, -5.32757 )
